CC02    -4.46461    -132.58299    -4445.4
CC04    -5.19374    -132.78996    -4616.1
CC05    -5.51737    -132.87300    -4798.9
CC06    -5.83853    -132.95180    -4824.5
CC07    -6.15879    -133.04639    -4628.0
CC08    -6.48164    -133.12326    -4745.8
CC11    -7.53678    -133.41661    -4636.2
EE04    -8.20435    -131.25507    -4683.3
WC03    -5.70770    -134.09131    -4483.4
WC04    -6.53525    -134.13046    -4534.1
WC05    -7.26945    -134.51766    -4478.9
WW03    -6.01551    -135.11203    -4386.4
